1.034080379009246826e+02
1.058062272071838379e+02
1.029544060230255127e+02
1.024968881607055664e+02
1.025435411930084229e+02
1.025988340377807617e+02
1.024585888385772705e+02
1.028902270793914795e+02
1.026476500034332275e+02
1.024728238582611084e+02
1.027862370014190674e+02
1.024284560680389404e+02
1.023144950866699219e+02
1.023814868927001953e+02
1.024343540668487549e+02
1.026197648048400879e+02
1.025422170162200928e+02
1.021961860656738281e+02
1.029691689014434814e+02
1.023924040794372559e+02
1.024825909137725830e+02
1.025596499443054199e+02
1.021784720420837402e+02
1.024076638221740723e+02
1.025129361152648926e+02
1.022954969406127930e+02
1.025372941493988037e+02
1.087876520156860352e+02
1.031273601055145264e+02
1.025195231437683105e+02
1.022442090511322021e+02
1.024850480556488037e+02
1.024377059936523438e+02
1.024011089801788330e+02
1.024429109096527100e+02
1.025265469551086426e+02
1.022690761089324951e+02
1.024510788917541504e+02
1.022653410434722900e+02
1.029660179615020752e+02
1.024214229583740234e+02
1.022540841102600098e+02
1.025171678066253662e+02
1.024192719459533691e+02
1.022258250713348389e+02
1.024942328929901123e+02
1.022443828582763672e+02
1.025498359203338623e+02
1.024962270259857178e+02
1.023032691478729248e+02
1.024993059635162354e+02
1.023548588752746582e+02
1.022651138305664062e+02
1.025872011184692383e+02
1.022880930900573730e+02
1.024666240215301514e+02
1.024541091918945312e+02
1.021453328132629395e+02
1.024525849819183350e+02
1.022349970340728760e+02
1.025892779827117920e+02
1.025194878578186035e+02
1.030701730251312256e+02
1.024624998569488525e+02
1.025355801582336426e+02
1.021892788410186768e+02
1.025294699668884277e+02
1.022335860729217529e+02
1.025078260898590088e+02
1.026103479862213135e+02
1.023315799236297607e+02
1.024137020111083984e+02
1.022848238945007324e+02
1.022751379013061523e+02
1.028147840499877930e+02
1.024667329788208008e+02
1.025604820251464844e+02
1.025518398284912109e+02
1.022235140800476074e+02
1.025220749378204346e+02
1.024896988868713379e+02
1.023602371215820312e+02
1.025880160331726074e+02
1.023037118911743164e+02
1.025729880332946777e+02
1.024198880195617676e+02
1.022838609218597412e+02
1.025039708614349365e+02
1.024887859821319580e+02
1.022575211524963379e+02
1.025070581436157227e+02
1.023461389541625977e+02
1.030355470180511475e+02
1.028393180370330811e+02
1.025313091278076172e+02
1.028177800178527832e+02
1.027422900199890137e+02
1.033470880985260010e+02
1.027472851276397705e+02
1.024867670536041260e+02
1.027693669795989990e+02
1.028471729755401611e+02
1.026207220554351807e+02
1.027151889801025391e+02
1.027838010787963867e+02
1.025467808246612549e+02
1.027254078388214111e+02
1.025560259819030762e+02
1.027964441776275635e+02
1.028184428215026855e+02
1.025248050689697266e+02
1.028340849876403809e+02
1.027862091064453125e+02
1.025493619441986084e+02
1.027376489639282227e+02
1.024738202095031738e+02
1.027121810913085938e+02
1.031566050052642822e+02
1.024434480667114258e+02
1.027587540149688721e+02
1.028099391460418701e+02
1.024793159961700439e+02
1.027309188842773438e+02
1.026491210460662842e+02
1.027878921031951904e+02
1.027025299072265625e+02
1.024739160537719727e+02
1.026453208923339844e+02
1.025676460266113281e+02
1.025689790248870850e+02
1.026710910797119141e+02
1.024886841773986816e+02
1.033772451877593994e+02
1.026538109779357910e+02
1.024250068664550781e+02
1.028297140598297119e+02
1.026271848678588867e+02
1.025368421077728271e+02
1.026457920074462891e+02
1.024310479164123535e+02
1.027195861339569092e+02
1.027632360458374023e+02
1.024183640480041504e+02
1.026890640258789062e+02
1.028703579902648926e+02
1.026401381492614746e+02
1.027559719085693359e+02
1.024399669170379639e+02
1.026917009353637695e+02
1.027544441223144531e+02
1.023768789768218994e+02
1.028993690013885498e+02
1.026758530139923096e+02
1.025204000473022461e+02
1.026475899219512939e+02
1.024744009971618652e+02
1.026408090591430664e+02
1.026541419029235840e+02
1.024038980007171631e+02
1.026868250370025635e+02
1.025163989067077637e+02
1.025973289012908936e+02
1.027677040100097656e+02
1.024370460510253906e+02
1.027537248134613037e+02
1.026485159397125244e+02
1.024513890743255615e+02
1.036094532012939453e+02
1.025686919689178467e+02
1.024690518379211426e+02
1.027661101818084717e+02
1.024809989929199219e+02
1.026408920288085938e+02
1.027104129791259766e+02
1.025785911083221436e+02
1.026427679061889648e+02
1.029828319549560547e+02
1.026049611568450928e+02
1.026526198387145996e+02
1.024314279556274414e+02
1.030185441970825195e+02
1.026998269557952881e+02
1.024868199825286865e+02
1.027327609062194824e+02
1.025748300552368164e+02
1.025983810424804688e+02
1.031173861026763916e+02
1.023887290954589844e+02
1.027254829406738281e+02
1.028222048282623291e+02
1.023909389972686768e+02
1.027169609069824219e+02
1.025906529426574707e+02
1.024441690444946289e+02
1.027209558486938477e+02
1.025369200706481934e+02
1.027562520503997803e+02
1.027825000286102295e+02
1.024915380477905273e+02
1.026549780368804932e+02
