6.652630000000000000e+05
5.969320000000000000e+05
5.446110000000000000e+05
5.057110000000000000e+05
4.774130000000000000e+05
4.551500000000000000e+05
4.371970000000000000e+05
4.222650000000000000e+05
4.096000000000000000e+05
3.990360000000000000e+05
3.915230000000000000e+05
3.844130000000000000e+05
3.774650000000000000e+05
3.716390000000000000e+05
3.652650000000000000e+05
3.610800000000000000e+05
3.574280000000000000e+05
3.540660000000000000e+05
3.496680000000000000e+05
3.464490000000000000e+05
3.427690000000000000e+05
3.403910000000000000e+05
3.378440000000000000e+05
3.359850000000000000e+05
3.336860000000000000e+05
3.308420000000000000e+05
3.284250000000000000e+05
3.263600000000000000e+05
3.250630000000000000e+05
3.229210000000000000e+05
3.203430000000000000e+05
3.181570000000000000e+05
3.172430000000000000e+05
3.150370000000000000e+05
3.133250000000000000e+05
3.115040000000000000e+05
3.100560000000000000e+05
3.087290000000000000e+05
3.074690000000000000e+05
3.055250000000000000e+05
3.048970000000000000e+05
3.029290000000000000e+05
3.010510000000000000e+05
2.997520000000000000e+05
2.990160000000000000e+05
2.983190000000000000e+05
2.969380000000000000e+05
2.968500000000000000e+05
2.953370000000000000e+05
2.941730000000000000e+05
2.934110000000000000e+05
2.920590000000000000e+05
2.916420000000000000e+05
2.913890000000000000e+05
2.900970000000000000e+05
2.891850000000000000e+05
2.886410000000000000e+05
2.878310000000000000e+05
2.868240000000000000e+05
2.863380000000000000e+05
2.859980000000000000e+05
2.859500000000000000e+05
2.845410000000000000e+05
2.833910000000000000e+05
2.828420000000000000e+05
2.825210000000000000e+05
2.809210000000000000e+05
2.804680000000000000e+05
2.795540000000000000e+05
2.793850000000000000e+05
2.787840000000000000e+05
2.780660000000000000e+05
2.769560000000000000e+05
2.761330000000000000e+05
2.756990000000000000e+05
2.748110000000000000e+05
2.731270000000000000e+05
2.735050000000000000e+05
2.728060000000000000e+05
2.724470000000000000e+05
2.715780000000000000e+05
2.718090000000000000e+05
2.709700000000000000e+05
2.700770000000000000e+05
2.693330000000000000e+05
2.679580000000000000e+05
2.676850000000000000e+05
2.677180000000000000e+05
2.666310000000000000e+05
2.658250000000000000e+05
2.658450000000000000e+05
2.659790000000000000e+05
2.655550000000000000e+05
2.647990000000000000e+05
2.636390000000000000e+05
2.632990000000000000e+05
2.630110000000000000e+05
2.633090000000000000e+05
2.622290000000000000e+05
2.612320000000000000e+05
2.603620000000000000e+05
2.602450000000000000e+05
2.609700000000000000e+05
2.599190000000000000e+05
2.582640000000000000e+05
2.584260000000000000e+05
2.581100000000000000e+05
2.579610000000000000e+05
2.565200000000000000e+05
2.560930000000000000e+05
2.559610000000000000e+05
2.550140000000000000e+05
2.544650000000000000e+05
2.541780000000000000e+05
2.533920000000000000e+05
2.538110000000000000e+05
2.534090000000000000e+05
2.519360000000000000e+05
2.527600000000000000e+05
2.523710000000000000e+05
2.525430000000000000e+05
2.515240000000000000e+05
2.506620000000000000e+05
2.498760000000000000e+05
2.506910000000000000e+05
2.497420000000000000e+05
2.500290000000000000e+05
2.500050000000000000e+05
2.492320000000000000e+05
2.493460000000000000e+05
2.487510000000000000e+05
2.480670000000000000e+05
2.481670000000000000e+05
2.475190000000000000e+05
2.466410000000000000e+05
2.460970000000000000e+05
2.456910000000000000e+05
2.458320000000000000e+05
2.454540000000000000e+05
2.455720000000000000e+05
2.447570000000000000e+05
2.446320000000000000e+05
2.442090000000000000e+05
2.438380000000000000e+05
2.443380000000000000e+05
2.442170000000000000e+05
2.438740000000000000e+05
2.430580000000000000e+05
2.427300000000000000e+05
2.425340000000000000e+05
2.423810000000000000e+05
2.417860000000000000e+05
2.419710000000000000e+05
2.421680000000000000e+05
2.409530000000000000e+05
2.408720000000000000e+05
2.407250000000000000e+05
2.403390000000000000e+05
2.411300000000000000e+05
2.416810000000000000e+05
2.402120000000000000e+05
2.402050000000000000e+05
2.395980000000000000e+05
2.398770000000000000e+05
2.392540000000000000e+05
2.394560000000000000e+05
2.392830000000000000e+05
2.391690000000000000e+05
2.389480000000000000e+05
2.386740000000000000e+05
2.381890000000000000e+05
2.383360000000000000e+05
2.379010000000000000e+05
2.384880000000000000e+05
2.379870000000000000e+05
2.381140000000000000e+05
2.386020000000000000e+05
2.389120000000000000e+05
2.381770000000000000e+05
2.376080000000000000e+05
2.375430000000000000e+05
2.374110000000000000e+05
2.366130000000000000e+05
2.370090000000000000e+05
2.374930000000000000e+05
2.371770000000000000e+05
2.370700000000000000e+05
2.367680000000000000e+05
2.365910000000000000e+05
2.361170000000000000e+05
2.358470000000000000e+05
2.363580000000000000e+05
2.352760000000000000e+05
2.362810000000000000e+05
2.363750000000000000e+05
2.358810000000000000e+05
2.358390000000000000e+05
2.364480000000000000e+05
2.365590000000000000e+05
2.358680000000000000e+05
